%
% product of exponential definition of ABB IRB 6640
%
ex=[1;0;0];ey=[0;1;0];ez=[0;0;1];zv=[0;0;0];
h1=ez;h2=ey;h3=ey;h4=ex;h5=ey;h6=ex;
p01=[0, 0, 0]'/1000;p12=[320, 0, 780]'/1000;p23=[0, 0, 1075]'/1000;
p34=[1392.5,0,200]'/1000;p45=[0, 0, 0]'/1000;p56=[0, 0, 0]'/1000;
p6T=[200, 0, 0]'/1000;
abb6640.H=[h1 h2 h3 h4 h5 h6];
abb6640.P=[p01 p12 p23 p34 p45 p56 p6T];
abb6640.joint_type=[0 0 0 0 0 0]; 